222222222222222222222222222222
200000000000001100000000000002
200000000000011100000000000002
200000000000111100000000000002
200000000001101100000000000002
200000000011001100000000000002
200000000000001100000000000002
200000000000001100000000000002
200000000000001100000000000002
200000000000001100000000000002
200000000000001100000000000002
200000000000001100000000000002
200000000000001100000000000002
200000000000001100000000000002
200000000000001100000000000002
200000000000001100000000000002
200000000000001100000000000002
200000000000001100000000000002
200000000000001100000000000002
200000000000001100000000000002
200000000000001100000000000002
200000000000001100000000000002
200000000000001100000000000002
200000000000001100000000000002
200000000000001100000000000002
200000000000001100000000000002
200000000000001100000000000002
200000000000001100000000000002
200000000000001100000000000002
200000000000001100000000000002
200000000000001100000000000002
200000000000001100000000000002
200000000000001100000000000002
200000000000001100000000000002
200000000000001100000000000002
200000000000001100000000000002
200000000000001100000000000002
211111111111111111111111111112
211111111111111111111111111112
222222222222222222222222222222