222222222222222222222222222222
200000000000000000000000010002
200000000000000000000000111002
200000000000000000000001111002
200000000000000000000011111002
200000000000000000000011111012
200000000000000000000011111102
200000000000000000000001111002
200000000000000000000001111002
200000000000000000000001111002
200000000000000000000001111002
200000000000000000000001111002
200000000000000000000001111002
200000000000000000000001111002
200000000000000000000001111002
200000000000000000000001111002
200000000000000000000001111002
200000000000000000000001111002
200000000000000000000001111002
200000000000000000000001111002
200000000000000000000001111002
200000000000000000000001111002
200000000000000000000001111002
200000000000000000000001111002
200000000000000000000001111002
200000000000000000000001111002
200000000000000000000001111002
200000000000000000000001111002
200000000000000000000001111002
200000000000000000000001111002
200000000000000000000001111002
200000000000000000000001111002
200000000000000000000001111002
200000000000000000000001111002
200000000000000000000001111002
200000000000000000000001111002
200000000000000000000001111002
200000000000000000000001111002
200000000000000000000001111002
222222222222222222222222222222