222222222222222222222222222222

200000000000000000000000000002
200000000000000000000000000002
200000000000000000000000000002
200000000000000000000000000002
200000000000011111100000000002
210000000000100000010110000002
211000000000101001011111000002
211100000000100000010011100002
201110000000101111010001110002
200111000000100000010000111002
200011100000011111100000011002
200001110000000110000000001002
200000111111111111111100000002
200000011111111111111110000002
200000001111111111111111000002
200000000011111111111011100002
200000000001111111111001110002
200000000001111111111000111002
200000000001111111111000011102
200000000001111111111000001112
200000000001111111111000000112
200000000001111111111000000012
200000000001111111111000000002
200000000001111111111000000002
200000000001111111111000000002
200000000011111111111100000002
200000000111111111111110000002
200000001111111111111111000002
200000011111111111111111100002
200000111111111111111111110002
200001111111111111111111111002
200011111111111111111111111102
200111111111111111111111111112
201111111111111111111111111112
211111111111111111111111111112
200010000001110000111000000012
200000000001110000111000000002
200000000001110000111000000002
222222222222222222222222222222