222222222222222222222222222222
200000000000111111000000000002
200000001101000000100000000002
200000011111010010100000000002
200000111001000000100000000002
200001110001011110100000000002
200011100001000000100000000002
200111000000111111000000000002
201110000000001100000000000002
211100000111111111111000000002
211000001111111111111100000002
210000011111111111111110000002
200000111011111111110111000002
200001110011111111110011100002
200011100011111111110001110002
200111000011111111110000111002
200011100011111111110001110002
200001110011111111110011100002
200000111011111111110111000002
200000011111111111111110000002
200000001111111111111100000002
200000000111111111111000000002
200000000111111111111100000002
200000001111111111111110000002
200000011111111111111111000002
200000111111111111111111100002
200001111111111111111111110002
200000000011100001110000000002
200001110011100001110000000002
200011111001110001110000000002
200110011101110001110000000002
200000001110111001110000000002
200000000111111001110000000002
200000000011110001110000000002
200000000000000001110000000002
200000000000000001110000000002
200000000000000001110000000002
200000000000000001111110000002
200000000000000001111110000002
222222222222222222222222222222