222222222222222222222222222222
200000000000111111000000000002
200000000001000000101100000002
200000000001010010111110000002
200000000001000000100111000002
200000000001011110100011100002
200000000001000000100001110002
200000000000111111000000111002
200000000000001100000000011102
200000000111111111111000001112
200000001111111111111100000112
200000011111111111111110000012
200000111011111111110111000002
200001110011111111110011100002
200011100011111111110001110002
200111000011111111110000111002
200011100011111111110001110002
200001110011111111110011100002
200000111011111111110111000002
200000011111111111111110000002
200000001111111111111100000002
200000000111111111111000000002
200000000111111111111100000002
200000001111111111111110000002
200000011111111111111111000002
200000111111111111111111100002
200001111111111111111111110002
200000000011100001110000000002
200000000011100001110000000002
200000000011100001110000000002
200000000011100001110000000002
200000000011100001110000000002
200000000011100001110000000002
200000000011100001110000000002
200000000011100001110000000002
200000000011100001110000000002
200000000011100001110000000002
200000001111100001111100000002
200000001111100001111100000002
222222222222222222222222222222