222222222222222222222222222222

200000000000000000000000000002
200000000000000000000000000002
200000000000000000000000000002
200000000000000000000000000002
200000000000011111100000000002
200000000110100000010000000012
200000001111101001010000000112
200000011110100000010000001112
200000111000101111010000011102
200001110000100000010000111002
200001100000011111100001110002
200001000000000110000011100002
200000000011111111111111000002
200000000111111111111110000002
200000001111111111111000000002
200000011101111111111000000002
200000111001111111111000000002
200001110001111111111000000002
200011100001111111111000000002
200111000001111111111000000002
201110000001111111111000000002
211100000001111111111000000002
211000000001111111111000000002
210000000001111111111000000002
200000000001111111111000000002
200000000011111111111100000002
200000000111111111111110000002
200000001111111111111111000002
200000011111111111111111100002
200000111111111111111111110002
200001111111111111111111111002
200011111111111111111111111102
200111111111111111111111111112
201111111111111111111111111112
211111111111111111111111111112
200010000001110000111000000012
200000000001110000111000000002
200000000001110000111000000002
222222222222222222222222222222