222222222222222222222222222222
210000000100000001010011110012
210000000100000000010100001012
210000000100000000010100001012
210000000100000000010100001012
210000000100000000010100001012
210000000100000000010100001012
210000000100000000010100001012
210000000100000000010100001012
210000000100000000010100001012
210000000100000000010100001012
210000000100000000010100001012
210000000100000000010100001012
210000000100000000010100001012
211111111111111111010100001012
210000000100000000010100001012
210000000100000000010100001012
210000000100000000010100001012
210000000100000000010100001012
210000000100000000010100001112
210000000100000000010100001012
210000000100000000010100001012
210000000100000000010100001012
210000000100000000010100001012
210000000100000000010100001012
210000000100000000010100001012
210000000100000000010100001012
211111111111111111110100001012
200000000100000000010100001012
200000000100000000010100001012
200000000100000000010100001012
200000000100000000010100001012
200000000100000000010100001012
200000000100000000010100001012
200000000100000000010100001012
200000000100000000010100001012
200000000100000000010100001012
200000000100000000010100001012
200000000100000000010011110012
222222222222222222222222222222