222222222222222222222222222222
211111110000000000000011111112
211111110000000000000011111112
211111110000000000000011111112
211111110000000000000011111112
211111110000000000000011111112
211111110000000000000011111112
211111110000000000000011111112
200000000000000000000000000002
200000000000000000000000000002
200000000000000000000000000002
200000000000000000000000000002
200000000000000000000000000002
200000000000000000000000000002
200000000000000000000000000002
200000000000000000000000000002
200000000000000000000000000002
200000000000000000000000000002
200000000000000000000000000002
200000000000000000000000000002
200000000000000000000000000002
200000000000000000000000000002
200000000000000000000000000002
200000000000000000000000000002
200000000000000000000000000002
200000000000000000000000000002
200000000000000000000000000002
200000000000000000000000000002
200000000000000000000000000002
200000000000000000000000000002
200000000000000000000000000002
200000000000000000000000000002
211111110000000000000011111112
211111110000000000000011111112
211111110000000000000011111112
211111110000000000000011111112
211111110000000000000011111112
211111110000000000000011111112
211111110000000000000011111112
222222222222222222222222222222