222222222222222222222222222222
200000000000000000000000000002
200000000000000000000000000002
200000000000000000000000000002
200000000000000000000000000002
200000000000111111111000000002
200000000001000000000100000002
200000000010000000000010000002
200000000100000000000001000002
200000001000000000000000100002
200000010000000000000000010002
200000100000111111111000001002
200001000001000000000100000102
200010000010000000000010000012
200100000100011111000001000002
201000001000100000100000100002
210000010001000000010000010002
200000100010001110001000001002
200001000010010001000100000102
200000100001001100100010000012
200000010000100000100100000102
210000001000010001001000001002
201000000010000111001000001002
200100000001000000010000010002
200010000000100000100000100002
210001000000011111000001000012
201000100000000000000010000102
200100010000000000000100001002
200010001000000000001000010002
200001000100000000010000100002
200000100011111111000001000002
200000010000000000000010000002
200000001000000000000100000002
200000000100000000001000000002
200000000010000000010000000002
200000000001111111100000000012
200000000000000000000000000002
200000000000000000000000000002
200000000000000000000000000002
222222222222222222222222222222