222222222222222222222222222222
200000000000000000000000000002
200000000000000000000000000002
200000000000000000000000000002
200000000000000000000000000002
200000111000000000000000000112
200000101000000000000000000102
200000010000000000000000000012
200001111100000011100000001112
200001010100000010100000001012
200001010100000001000000001012
200000010000000111110000000012
200000101000000101010000000102
200000101000000101010000000102
200000101000000001000000000102
200000101000000010100000000102
200000000000000100010000000002
200000000000000010100000000002
200000000000000001000000000002
200000000000000000000000000002
200000000000000000000000000002
200000000000000011100000000002
200000000000000010100000000002
200000000000000001000000000002
200000111000000111110000000112
200000101000000101010000000102
200000010000000101010000000012
200001111100000001000000001112
200001010100000010100000001012
200001010100000010100000001012
200000010000000010100000000012
200000101000000010100000000102
200001000100000000000000001002
200000101000000000000000000102
200000010000000000000000000012
200000000000000000000000000002
200000000000000000000000000002
200000000000000000000000000002
200000000000000000000000000002
222222222222222222222222222222