222222222222222222222222222222
200000000000000000000000000002
200000000000000000000000000002
200000000000000000000000000002
200000000111000000000000000002
200000000101000000000000000002
200000000010000000000000000002
210000001111100000001110000002
210000001010100000001010000002
200000001010100000000100000002
211000000010000000011110000002
201000000101000000010100000002
201000000101000000010100000002
200000000101000000000100000002
210000000101000000001010000002
201000000000000000010000000002
210000000000000000001010000002
200000000000000000000100000002
200000000000000000000000000002
200000000000000000000000000002
210000000000000000001110000002
210000000000000000001010000002
200000000000000000000100000002
211000000111000000011110000002
201000000101000000010100000002
201000000010000000010100000002
200000001111100000000100000002
210000001010100000001010000002
210000001010100000001010000002
210000000010000000001010000002
210000000101000000001010000002
200000001000100000000000000002
200000000101000000000000000002
200000000010000000000000000002
200000000000000000000000000002
200000000000000000000000000002
200000000000000000000000000002
200000000000000000000000000002
200000000000000000000000000002
222222222222222222222222222222