222222222222222222222222222222
200000000000000000000000000002
200000000000000000000000000002
200000000000000000000000000002
200000000000111000000000000002
200000000000101000000000000002
200000000000010000000000000002
201110000001111100000001110002
201010000001010100000001010002
200100000001010100000000100002
211111000000010000000011110002
210101000000101000000010100002
210101000000101000000010100002
200100000000101000000000100002
201010000000101000000001010002
210001000000000000000010000002
201010000000000000000001010002
200100000000000000000000100002
200000000000000000000000000002
200000000000000000000000000002
201110000000000000000001110002
201010000000000000000001010002
200100000000000000000000100002
211111000000111000000011110002
210101000000101000000010100002
210101000000010000000010100002
200100000001111100000000100002
201010000001010100000001010002
201010000001010100000001010002
201010000000010000000001010002
201010000000101000000001010002
200000000001000100000000000002
200000000000101000000000000002
200000000000010000000000000002
200000000000000000000000000002
200000000000000000000000000002
200000000000000000000000000002
200000000000000000000000000002
200000000000000000000000000002
222222222222222222222222222222