222222222222222222222222222222
200000000000000000000000000002
200000000000000000000000000002
200000000000000000000000000002
200000000000000000000000000002
211100000000000000000011100002
210100000000000000000010100002
201000000000000000000001000002
211110000001110000000111110002
201010000001010000000101010002
201010000000100000000101010002
201000000011111000000001000002
210100000010101000000010100002
210100000010101000000010100002
210100000000100000000010100002
210100000001010000000010100002
200000000010001000000000000002
200000000001010000000000000002
200000000000100000000000000002
200000000000000000000000000002
200000000000000000000000000002
200000000001110000000000000002
200000000001010000000000000002
200000000000100000000000000002
211100000011111000000011100002
210100000010101000000010100002
201000000010101000000001000002
211110000000100000000111110002
201010000001010000000101010002
201010000001010000000101010002
201000000001010000000001000002
210100000001010000000010100002
200010000000000000000100010002
210100000000000000000010100002
201000000000000000000001000002
200000000000000000000000000002
200000000000000000000000000002
200000000000000000000000000002
200000000000000000000000000002
222222222222222222222222222222