222222222222222222222222222222
200000000000000000000000000002
200000000000000000000000000002
200000000000000000000000000002
200000000000000111000000000002
200000000000000101000000000002
200000000000000010000000000002
200001110000001111100000001112
200001010000001010100000001012
200000100000001010100000000102
200011111000000010000000011112
200010101000000101000000010102
200010101000000101000000010102
200000100000000101000000000102
200001010000000101000000001012
200010001000000000000000010002
200001010000000000000000001012
200000100000000000000000000102
200000000000000000000000000002
200000000000000000000000000002
200001110000000000000000001112
200001010000000000000000001012
200000100000000000000000000102
200011111000000111000000011112
200010101000000101000000010102
200010101000000010000000010102
200000100000001111100000000102
200001010000001010100000001012
200001010000001010100000001012
200001010000000010000000001012
200001010000000101000000001012
200000000000001000100000000002
200000000000000101000000000002
200000000000000010000000000002
200000000000000000000000000002
200000000000000000000000000002
200000000000000000000000000002
200000000000000000000000000002
200000000000000000000000000002
222222222222222222222222222222