222222222222222222222222222222
200000000000000000000000000002
200000000000000000000000000002
200000000000000000000000000002
200111000000000000000000000002
200101000000000000000000000002
200010000000000000000000000002
201111100000111000000000000002
201010100000101000000000000002
201010100000010000000000000002
200010000001111100000000000002
200101000001010100000000000002
200101000001010100000000000002
200101000000010000000000000002
200101000000101000000000000002
200000000001000100000000000002
200000000000101000000000000002
200000000000010000000000000002
200000000000000000000000000002
200000000000000000000000000002
200000000000000000000000000002
200000000000000000000000000002
200000000000000000000000000002
200000000000000000000000000002
200000000000000000000000000002
200000000000000000000000000002
200000000000000000000000000002
200000000000000000000000000002
200000000000000000000000000002
200000000000000000000000000002
200000000000000000000000000002
200000000000000000000000000002
200000000000000000000000000002
200000000000000000000000000002
200000000000000000000000000002
200000000000000000000000000002
200000000000000000000000000002
200000000000000000000000000002
200000000000000000000000000002
222222222222222222222222222222