222222222222222222222222222222
200000000001000000000000000002
200000000011100000000000000002
200000000111110000000000000002
200000001111111000000000000002
200000011111111100000000000002
200000111111111110000000000002
200000011111111111000000000002
200000001111111111100000000002
200000000111111111110000000002
200000000111111111111000000002
200000001111111111111100000002
200000011100111111111110000002
200000111000011111111111000002
200001110000001111111110000002
200011100000000111111100000002
200111000000000011111000000002
201110000000000001110000000002
211100000000000000100000000002
211000000000000000000000000002
210000000000000000000000000002
200000000000000000000000000002
200000000000000000000000000002
200000000000000000000000000002
200000000000000000000000000002
200000000000000000000000000002
200000000000000000000000000002
200000000000000000000000000002
200000000000000000000000000002
200000000000000000000000000002
200000000000000000000000000002
200000000000000000000000000002
200000000000000000000000000002
200000000000000000000000000002
200000000000000000000000000002
200000000000000000000000000002
200000000000000000000000000002
200000000000000000000000000002
200000000000000000000000000002
222222222222222222222222222222