222222222222222222222222222222
200000000000000000000000000002
200000000000000000000000000002
200000001100000000000000000002
200000011110000000000000000002
200001111111000000000000000002
200011111111100000000000000002
200111111111110000000000000002
200011111111111000000000000002
200001111111111100000000000002
200000111111111110000000000002
200000011111111111000000000002
200000001111111111100000000002
200000000111111111110000000002
200000001111111111111000000002
200000111111111111111100000002
200011111100111111111110000002
201111110000011111111000000002
211111000000001111110000000002
211100000000000111000000000002
210000000000000010000000000002
200000000000000000000000000002
200000000000000000000000000002
200000000000000000000000000002
200000000000000000000000000002
200000000000000000000000000002
200000000000000000000000000002
200000000000000000000000000002
200000000000000000000000000002
200000000000000000000000000002
200000000000000000000000000002
200000000000000000000000000002
200000000000000000000000000002
200000000000000000000000000002
200000000000000000000000000002
200000000000000000000000000002
200000000000000000000000000002
200000000000000000000000000002
200000000000000000000000000002
222222222222222222222222222222