222222222222222222222222222222
200000000000000000000000000002
200000000000000000000000000002
200000000000000000000000000002
200000000000000000000000000002
200000000000000000000000000002
200000000000000000000000000002
200000000000000000000000000002
200000000000000000000000000002
200000000000000000000000000002
200000000000000000000000000002
200000000000000000000000000002
200000000000000011111111111102
200000000000000011111111111102
200000000000000011111111111102
200000000000000011111111111102
200000000000000011111111111102
200000000000000011111111111102
211111111111111111111111111102
211111111111111111111111111102
211111111111111111111111111102
200000000000000011111111111102
200000000000000011111111111102
200000000000000011111111111102
200000000000000011111111111102
200000000000000011111111111102
200000000000000011111111111102
200000000000000000000000000002
200000000000000000000000000002
200000000000000000000000000002
200000000000000000000000000002
200000000000000000000000000002
200000000000000000000000000002
200000000000000000000000000002
200000000000000000000000000002
200000000000000000000000000002
200000000000000000000000000002
200000000000000000000000000002
200000000000000000000000000002
222222222222222222222222222222