222222222222222222222222222222
200000000000000000000000000002
200000000000000000000000000002
200000000000000000000000000002
200000000000000000000000000002
200000000000000000000000000002
200000000000000000000000000002
200000000000000000000000000002
200000000000000000000000000002
200000000000000111000000000002
200000000000001111110000000002
210000000000011100111000000002
211000000011111000011000000002
201100000100001000001100000002
200110000100001000000100000002
200011000100001000001000000002
200001100100001000000000000002
200000110011110000000000000002
200000011001100000000000000002
200000001111111100000000000002
200000000111111010000000000002
200000000111111010000000000002
200000000111111010000000000002
200000000111111010000000000002
200000000111111010000000000002
200000000111111010000000000002
200000000111111000000000000002
200000011111111110000000000002
200001111111111111100000000002
200000000110011000000000000002
200000000110011000000000000002
200000000110011000000000000002
200000000110011000000000000002
200000000110011000000000000002
200000000110011000000000000002
200000000110011000000000000002
200000001110011100000000000002
200000111010010111000000000002
200001111010010111100000000002
222222222222222222222222222222