222222222222222222222222222222
200000000000000000000000000002
200000000000000000000000000002
200000000000000000000000000002
200000000000000000000000000002
200000000000000000000000000002
200000000000000000000000000002
200000000000000000000000000002
200000000000000000000000000002
200000000000000000111000000002
200000000000000001111110000002
200000000000000011100111000002
200000000000011111000011000002
200000000000100001000001100002
200000000000100001000000100002
200000000000100111111111000002
200000000000100111111001100002
200000000000011110000111000002
200000000000001100011100000002
201111111111111111110000000002
210000000000111111000000000002
201111111111111111000000000002
200000000000111111000000000002
200000000000111111000000000002
200000000000111111000000000002
200000000000111111000000000002
200000000000111111000000000002
200000000011111111110000000002
200000001111111111111100000002
200000000000110011000000000002
200000000000110011000000000002
200000000000110011000000000002
200000000000110011000000000002
200000000000110011000000000002
200000000000110011000000000002
200000000000110011000000000002
200000000001110011100000000002
200000000111010010111000000002
200000001111010010111100000002
222222222222222222222222222222