222222222222222222222222222222
211011111000000000000000000002
211111111110000000000000000112
211011111000000000000000011112
200000000000000000000000000112
200001111101111100000000000002
200111111111111111000000000002
200001111101111100000000000002
200000000000000000000000000002
200000000000000001111101111102
200000000000000111111111111112
200000000000000001111100111112
200000000000000000000000000002
200000000001111101111100000002
200000000111111111111111000002
200000000001111101111100000002
200000000000000000000000000002
200000000001111111100000000002
200000011110000000011110000002
200011100001111111100001110002
201100011110000000011110001102
210011100001111111100001110012
201100011110000000011110001102
210011100000000000000001110012
201100000000000000000000001102
210000000000000000000000000012
200000000000000000000000000002
200000000000000000000000000002
200000000000000111000000000002
200000000000000111110000000002
200000000000000111111000000002
200000000000000110000000000002
200000000000000100000000000002
200000000000000100000000000002
200000000000000100000000000002
200000000000000100000000000002
200111111111111111111111111002
201111111111111111111111111102
211111111111111111111111111112
222222222222222222222222222222