222222222222222222222222222222
211111101111111001111110000012
210000010001000010000010000012
210000010001000100000010000102
210000010001000100000010000102
210000010001000100000010001002
210000010001000100000010001002
210000010001000100000010010002
210000010001000100000010010002
210000010001000100000010100002
210000010001000100000010100002
211111100001000100000011000002
210000000001000100000010100002
210000000001000100000010100002
210000000001000100000010010002
210000000001000100000010010002
210000000001000100000010001002
210000000001000100000010001002
210000000001000010000010000102
210000001111111001111110000012
211000000000001111111111111112
211000000000001110000000000002
211000000000001110000000000002
210100000000010110000000000002
210100000000010110000000000002
210100000000010110000000000002
210010000000100110000000000002
210010000000100110000000000002
210010000000100110000000000002
210001000001000111111111111112
210001000001000110000000000002
210001000001000110000000000002
210000100010000110000000000002
210000100010000110000000000002
210000100010000110000000000002
210000010100000110000000000002
210000010100000110000000000002
210000010100000110000000000002
210000001000000111111111111112
222222222222222222222222222222