222222222222222222222222222222
211111111000000000000000000002
210000000100000000000000000002
210000000100000000000000000002
210000000100000000000000000002
210000000100000000000000000002
210000000100000000000000000002
210000000100000000000000000002
210000000100000000000000000002
210000000100000000000000000002
210000000100000000000000000002
210000000100000000000000000002
210000000100000000000000000002
210000000100000000000000000002
210000000100000000000000000002
210000000100000000000000000002
210000000100000000000000000002
210000000100000000000000000002
210000000100000000000000000002
211111111000000000000000000002
210000000000000000000000000002
210000000000000000000000000002
210000000000000000000000000002
210000000000000000000000000002
210000000000000000000000000002
210000000000000000000000000002
210000000000000000000000000002
210000000000000000000000000002
210000000000000000000000000002
210000000000000000000000000002
210000000000000000000000000002
210000000000000000000000000002
210000000000000000000000000002
210000000000000000000000000002
210000000000000000000000000002
210000000000000000000000000002
210000000000000000000000000002
210000000000000000000000000002
210000000000000000000000000002
222222222222222222222222222222