222222222222222222222222222222
200000000000000000000000000002
200000000000000000000000000002
200000000000000000000000000002
200000000000000000000000000002
200000000000000000000000000002
200000000000000000000000000002
200000000000000000000000000002
200000000000000000000000000002
200000000000000000000000000002
200000000000000000000000000002
200000000000000000000000000002
200000000000000000000000000002
210011111111111111111111110002
200100000000000000000000001002
201000000000000000000000000102
210000000000000000000000000012
210000000000000000000000000012
210000000000000000000000000012
210000000000000000000000000012
210000000000000000000000000012
210000000000000000000000000012
210000000000000000000000000012
210000000000000000000000000012
201000000000000000000000000102
200100000000000000000000001002
210011111111111111111111110002
200000000000000000000000000002
200000000000000000000000000002
200000000000000000000000000002
200000000000000000000000000002
200000000000000000000000000002
200000000000000000000000000002
200000000000000000000000000002
200000000000000000000000000002
200000000000000000000000000002
200000000000000000000000000002
200000000000000000000000000002
200000000000000000000000000002
222222222222222222222222222222