222222222222222222222222222222
200000000000000000000000000002
200000000000000000000000000002
200000000000000000000000000002
200000000000000000000000000002
200000000000000000000000000002
200000000000000000000000000002
200000000000000000000000000002
200000000000000000000000000002
200000000000000000000000000002
200000000000000000000000000002
200000000000000000000000000002
200000000000000000000000000002
200000000000000000000000000002
200000000000000000000000000002
200000000000000000111000000002
200000000000000001111110000002
200000000000000011100111000002
200000000000011111000011000002
200000000000100001000001100002
200000000000100001000000100002
200000000000100001000001000002
200000000000100001000000000002
200000000000011110000000000002
200000000000001100000000000002
200000000000111111111000000002
200000000000111111001100000002
200000000000111111000110000002
200000000000111111000011000002
200000000000111111000001100002
200000000000111111000000110002
200000000000111111000000011002
200000000000111111000000001102
200000000011111111110000000112
200000001111111111111100000002
200111111111110011111111100002
211100000000000000000000111002
210100000000000000000000101112
210100000000000000000000101112
222222222222222222222222222222