222222222222222222222222222222
200000000000000000000000000002
200000000000000000000000000002
200000000000000000000000000002
200000000000000000000000000002
200000000011111111100000000002
200000001111111111111000000002
200000111111111111111110000002
200000011111111111111100000002
200000001111111111111000000002
200000000111111111110000000002
200000000011111111100000000002
200000000000111111000000000002
200000000000011110000000000002
200000000000001100000000000002
200000000000000000000000000002
200000000000000000000000000002
200000000000000000000000000002
200000000000000000000000000002
200000000000000000000000000002
200011111111111111111111111102
200111111111111111111111111002
200111111111111111111111100002
200011111111111111111110000002
200011111111111111111110000002
200011111111111111111111000002
200011111111111111111111100002
200011111111111111111111110002
200011111111111111111111111102
200000111111111111111111111102
200000001111111111111111111102
200000000011111111111111111102
200000000000000000000000000002
200000000000000000000000000002
200000000000000000000000000002
200000000000000000000000000002
200000000000000000000000000002
200000000000000000000000000002
200000000000000000000000000002
222222222222222222222222222222