222222222222222222222222222222
201000000000000000000000000002
201100000000000000000000000002
200100000000000000000000000002
200100000000000000000000000002
200110000000000000000000000002
200010000000000000000000000002
200010000000000000000000000002
200011000000000000000000000002
200001000000000000000000000002
200001000000000000000000000002
200001100000000000000000000002
200000100000000000000000000002
200000100000000000000000000002
200000110000000000000000000002
200000010000000000000000000002
200000010000000000000000000002
200000011000000000000000000002
200000001000000000000000000002
200000001000000000000000000002
200000001100111111000000000002
200000000100100001000000000002
200000000100100001000000000002
200000000110100001000000000002
200000000010011110000000000002
200000000010001100000000000002
200000000011111111110000000002
200000000000011110010000000002
200000000000011110010000000002
200000000000011110010000000002
200000000000011110010000000002
200000000000011110000000000002
200000000000110011000000000002
200000000001100001100000000002
200000000011000000110000000002
200000000110000000011000000002
200000001100000000001100000002
200000011000000000000110000002
200000110000000000000011000002
222222122222222222222222222222