222222222222222222222222222222
200000000000000000000000000002
200000000111100000000000000002
200000000000110000000000000002
200000000000011000000000000002
200000000000001100000000000002
200011101111111111111100000002
200001111111111111111110000002
200011101111111111111111000002
200000000000001100000000000002
200000000000011000000000000002
200000000000110000000000000002
200000000111100000000000000002
200000000000000000000000000002
200000000000000000000000000002
200000000000000000000000000002
200000000000000000000000000002
200000000000000000000000000002
200000000000000000000000000002
200000000000000000000000000002
200000000000000000000000000002
200000000000000000000000000002
200000000000000000000000000002
200000000000000000000000000002
200000000000000000000000000002
200000000000000000000000000002
200000000000000000000000000002
200000000000000000000000000002
200000000000000000000000000002
200000000000000000000000000002
200000000000000000000000000002
200000000000000000000000000002
200000000000000000000000000002
200000000000000000000000000002
200000000000000000000000000002
200000000000000000000000000002
200000000000000000000000000002
200000000000000000000000000002
200000000000000000000000000002
222222222222222222222222222222