222222222222222222222222222222
211111111111111111111111111112
210000000000000000111100000012
210000000000000011111100000012
210000000000000111111100000012
210000000000011111111100000012
210000000001111111111100000012
210000000011111111111100000012
210000000111111111111100000012
210000000100100111111100000012
210000000100100111111100000012
210000000100100111111100000012
210000000111111111111100000012
210000000100100111111100000012
210000000100100111111111000012
210000000111111111111101110012
210000000100100111111100011112
210000000100100111111110000112
210000000111111111111111100012
210000000100100111111111110012
210000000100100111111101111012
210000000111111111111100111112
210000000100100111111100011112
210000000100100111111100001112
210000000111111111111100000112
210000000100100111111100000012
210000000100100111111100000012
210000000111111111111100000012
210000000100100111111100000012
210000000100100111111100000012
210000000111111111111100000012
210000000011111111111100000012
210000000000111111111100000012
210000000000001111111100000012
210000000000000111111100000012
210000000000000111011100000012
210000000000001110001110000012
210000000000011100000111000012
211111111111111111111111111112
222222222222222222222222222222