222222222222222222222222222222
211100001110000111000001110002
211100001110000111000001110002
211100001110000111000001110002
211100001110000111000001110002
211100001110000111000001110002
211100001110000111000001110002
211100001110000111000001110002
211100001110000111000001110002
211100001110000111000001110002
211100001110000111000001110002
211100001110000111000001110002
211100001110000111000001110002
211100001110000111000001110002
211100001110000111000001110002
211100001110000111000001110002
211100001110000111000001110002
211100001110000111000001110002
211111111111111111000001111112
211111111111111111000001111112
211111111111111111000001111112
211100001110000111000001110002
211100001110000111000001110002
211100001110000111000001110002
211100001110000111000001110002
211100001110000111000001110002
211100001110000111000001110002
211100001110000111000001110002
211100001110000111000001110002
211100001110000111000001110002
211100001110000111000001110002
211100001110000111000001110002
211100001110000111000001110002
211100001110000111000001110002
211100001110000111000001110002
211100001110000111000001110002
211111111111111111000001110002
211111111111111111000001110002
211111111111111111000001110002
222222222222222222222222222222