222222222222222222222222222222
200111111100001000010000000012
201000000000010100011000000012
210000000000010100010100000012
210000000000010100010100000012
210000000000010100010100000012
210000000000010100010100000012
210000000000010100010100000012
210000000000010100010100000012
210000000000010100010100000012
210000000000010100010010000012
210000000000010100010010000012
210000000000100010010010000012
210000000000100010010010000012
210000000000100010010010000012
210000000000100010010010000012
210000000000100010010010000012
210000000000100010010001000012
210000000000100010010001000012
210000000000100010010001000012
210000000000100010010001000012
210000000000111110010001000012
210000000001000001010001000012
210000000001000001010001000012
210000000001000001010000100012
210000000001000001010000100012
210000000001000001010000100012
210000000001000001010000100012
210000000001000001010000100012
210000000001000001010000100012
210000000001000001010000100012
210000000001000001010000010012
210000000010000000110000010012
210000000010000000110000010012
210000000010000000110000010012
210000000010000000110000010012
210000000010000000110000001012
201000000010000000110000001012
200111111110000000110000000112
222222222222222222222222222222