222222222222222222222222222222
200001000000000000000000000002
200011100000000000000000000002
210111110000000000000000000002
201111110000000000000000000002
200111110000000000000000000002
200111100000000000000000000002
200111100000000000000000000002
200111100000000000000000000002
200111100000000000000000000002
200111100000000000000000000002
200111100000000000000000000002
200111100000000000000000000002
200111100000000000000000000002
200111100000000000000000000002
200111100000000000000000000002
200111100000000000000000000002
200111100000000000000000000002
200111100000000000000000000002
200111100000000000000000000002
200111100000000000000000000002
200111100000000000000000000002
200111100000000000000000000002
200111100000000000000000000002
200111100000000000000000000002
200111100000000000000000000002
200111100000000000000000000002
200111100000000000000000000002
200111100000000000000000000002
200111100000000000000000000002
200111100000000000000000000002
200111100000000000000000000002
200111100000000000000000000002
200111100000000000000000000002
200111100000000000000000000002
200111100000000000000000000002
200111100000000000000000000002
200111100000000000000000000002
200111100000000000000000000002
222222222222222222222222222222