222222222222222222222222222222
200000000000000000000000000002
200000000000000000000000000002
200000000000000000000000000002
200000000000000000000000000002
200000000000011111100000000002
200000000110100000010000000012
200000001111101001010000000112
200000011110100000010000001112
200000111011111111010000011102
200001110110101110010000111002
200001101100011111100001110002
200001000110000110000011100002
200000000011111111111111000002
200000000001111111111110000002
200000000001111111111000000002
200000000001111111111000000002
200000000001111111111000000002
200000000001111111111000000002
200000000001111111111000000002
200000000001111111111000000002
200000000001111111111000000002
200000000001111111111000000002
200000000001111111111000000002
200000000001111111111000000002
200000000001111111111000000002
200000000011111111111100000002
200000000111111111111110000002
200000001111111111111111000002
200000011111111111111111100002
200000111111111111111111110002
200001111111111111111111111002
200011111111111111111111111102
200111111111111111111111111112
201111111111111111111111111112
211111111111111111111111111112
200010000001110000111000000012
200000000001110000111000000002
200000000001110000111000000002
222222222222222222222222222222