222222222222222222222222222222
211111000111111111010000000012
210001000100001000110000000012
210001000100001000110000000012
210001000110001000110000000012
210001000110001000110000000012
210001000110001000101000000102
210001000110001000101000000102
210001000110001000101000000102
211111000111111111001000000102
210000101010001100000100001002
210000101010001100000100001002
210000101010001100000100001002
210000101010001010000010010002
210000101010001010000010010002
210000010010001010000001100002
210000010010001001000001100002
210000010010001001000001100002
210000010010001000100001100002
211110010011111000100001100002
211111100001110001111010000012
210000010010001001000110000012
210000010010001001000110000012
210000010100000101000110000012
210000010100000101000110000012
210000010100000101000101000102
210000011000000011000101000102
210000011000000011000101000102
210000011000000011000101000102
210000011000000011000100101002
211111101000000011000100101002
210000011000000011000100101002
210000011000000011000100010002
210000011000000011000100010002
210000011000000011000100010002
210000010100000101000100010002
210000010100000101000100010002
210000010010001001000100010002
211111100001110001111000010002
222222222222222222222222222222