222222222222222222222222222222
210000000000000000000000000012
211000000000000000000000000112
211000000000000000000000000112
211000000000000000000000000112
211000000000000000000000000112
211000000000000000000000000112
211000000000000000000000000112
211000000000000000000000000112
211000000000000000000000000112
211100000000000000000000001112
211110000000000000000000011112
211111000000000000000000111112
211111100000000000000001111112
211011110000000000000011110112
211001111000000000000111100112
211000111101100001101111000112
211000011111111111111110000112
211000001111111111111100000112
211000000111111111111000000112
211000000011111111110000000112
211000000000111110000000000112
211000000000000000000000000112
211000000000000000000000000112
211000000000000000000000000112
211000000000000000000000000112
211000000000000000000000000112
211000000000000000000000000112
211000000000000000000000000112
211000000000000000000000000112
211000000000000000000000000112
211000000000000000000000000112
211000000000000000000000000112
211000000000000000000000000112
211000000000000000000000000112
211000000000000000000000000112
211000000000000000000000000112
211000000000000000000000000112
211000000000000000000000000112
222222222222222222222222222222