222222222222222222222222222222
200000000000000000000000000002
200000000000000000000000000002
200000000000000000000000000002
200000000000000000000000000002
200000000000000000000000000002
200000000000000000000000000002
200000000000000000000000000002
200000000000000000000000000002
200000000000000000000000000002
200000000000000000000000000002
200000000000000000000000000002
200000000000000000000000000002
200000000000000000000000000002
200000000100011111000000000002
200000001000100000100000000002
200000010001000000010000000002
200000100010001110001000000002
200001000010010001000100000002
200000100001001100100010000002
200000010000100000100100000002
200000001000010001001000000002
200000000010000111001000000002
200000000001000000010000000002
200000000000100000100000000002
200000000000011111000000000002
200000000000000000000000000002
200000000000000000000000000002
200000000000000000000000000002
200000000000000000000000000002
200000000000000000000000000002
200000000000000000000000000002
200000000000000000000000000002
200000000000000000000000000002
200000000000000000000000000002
200000000000000000000000000002
200000000000000000000000000002
200000000000000000000000000002
200000000000000000000000000002
222222222222222222222222222222