222222222222222222222222222222
211111111111111111111111111112
211111111111111111111111111112
211111111111111111111111111112
200000000000000000000000001112
200000000000000000000000001112
200000000000000000000000001112
200000000000000000000000001112
200000000000000000000000001112
200000000000000000000000001112
200000000000000000000000001112
200000000000000000000000001112
200000000000000000000000001112
200000000000000000000000001112
200000000000000000000000001112
200000000000000000000000001112
200000000000000000000000001112
200000000000001110000000001112
200000000000001110000000001112
200000000000001110000000001112
200000000000001110000000001112
200000000000001110000000001112
200000000000001110000000001112
200000000000001110000000000002
200000000000001110000000000002
200000000000001110000000000002
200000000000001110000000000002
200000000000001110000000000002
200000000000001110000000000002
200000000000001110000000000002
200000000000001110000000000002
200000000000001110000000000002
200000000000001110000000000002
200000000000001110000000000002
200000000000001110000000000002
200000000000001110000000000002
200000000000001110000000000002
211111111111111111111111111112
211111111111111111111111111112
211111111111111111111111111112
222222222222222222222222222222