222222222222222222222222222222
200000000000000000010000000002
200000000000000000100000000002
200000000000000001000000000002
200000000000000010000000000002
200000000000000100000000000002
200000000000001000000000000002
200000000000010000000000000002
200000000000100000000000000002
200000000001000000000000000002
200000000010000000000000000002
200000000100000000000000000002
200000001000000000000000000002
200000010000000000000000000002
200000100000000000000000000002
200001000000000000000000000002
200010000000000000000000000002
200100000000000000000000000002
201000000000000000000000000002
211111111111111111111111111112
201000000000000000000000000002
200100000000000000000000000002
200010000000000000000000000002
200001000000000000000000000002
200000100000000000000000000002
200000010000000000000000000002
200000001000000000000000000002
200000000100000000000000000002
200000000010000000000000000002
200000000001000000000000000002
200000000000100000000000000002
200000000000010000000000000002
200000000000001000000000000002
200000000000000100000000000002
200000000000000010000000000002
200000000000000001000000000002
200000000000000000100000000002
200000000000000000010000000002
200000000000000000000100000002
222222222222222222222222222222