222222222222222222222222222222
200000000000011110000000000002
200000000000011110000000000002
200000000000011110000000000002
200000000000011110000000000002
200000000000011110000000000002
200000000000011110000000000002
200000000000011110000000000002
200000000000011110000000000002
200000000000011110000000000002
200000000000011110000000000002
200000000000011110000000000002
200000000011111111110000000002
200000111110011110011111000002
200011100000011110000001110002
200111000000011110000000111002
200011100000011110000001110002
200000111110011110011111000002
200000000011111111110000000002
200000000011111111110000000002
200000111110011110011111000002
200011100000011110000001110002
211110000000011110000000011112
200000000000011110000000000002
200000000000011110000000000002
200000000000011110000000000002
200000000000011110000000000002
200000000000011110000000000002
200000000000011110000000000002
200000000000011110000000000002
200000000000011110000000000002
200000000000111110000000000002
200000000011111111111000000002
200000000111011111011100000002
200000111100011110001111000002
211111111111111111111111111112
211111111111111111111111111112
211111111111111111111111111112
200000011111111111111110000002
222222222222222222222222222222