222222222222222222222222222222
200000000000000000000000000002
200000000000000000000000000002
200000000000000000000000000002
200000000000000000000000000002
200011100000000000000000011102
200010100000000000000000010102
200001000000000000000000001002
200111110000001110000000111112
200101010000001010000000101012
200101010000000100000000101012
200001000000011111000000001002
200010100000010101000000010102
200010100000010101000000010102
200010100000000100000000010102
200010100000001010000000010102
200000000000010001000000000002
200000000000001010000000000002
200000000000000100000000000002
200000000000000000000000000002
200000000000000000000000000002
200000000000001110000000000002
200000000000001010000000000002
200000000000000100000000000002
200011100000011111000000011102
200010100000010101000000010102
200001000000010101000000001002
200111110000000100000000111112
200101010000001010000000101012
200101010000001010000000101012
200001000000001010000000001002
200010100000001010000000010102
200100010000000000000000100012
200010100000000000000000010102
200001000000000000000000001002
200000000000000000000000000002
200000000000000000000000000002
200000000000000000000000000002
200000000000000000000000000002
222222222222222222222222222222