222222222222222222222222222222
200000000000000000000000000002
200000000000000000000000000002
200000000000000000000000000002
200000000000011100000000000002
200000000000010100000000000002
200000000000001000000000000002
200111000000111110000000111002
200101000000101010000000101002
200010000000101010000000010002
201111100000001000000001111102
201010100000010100000001010102
201010100000010100000001010102
200010000000010100000000010002
200101000000010100000000101002
201000100000000000000001000102
200101000000000000000000101002
200010000000000000000000010002
200000000000000000000000000002
200000000000000000000000000002
200000000000000000000000000002
200000000000000000000000000002
200000000000000000000000000002
200000000000000000000000000002
200000000000000000000000000002
200000000000000000000000000002
200000000000000000000000000002
200000000000000000000000000002
200000000000000000000000000002
200000000000000000000000000002
200000000000000000000000000002
200000000000000000000000000002
200000000000000000000000000002
200000000000000000000000000002
200000000000000000000000000002
200000000000000000000000000002
200000000000000000000000000002
200000000000000000000000000002
200000000000000000000000000002
222222222222222222222222222222