222222222222222222222222222222
200000000000000000000000000002
200000000000000000000000000002
200000000000000000000000000002
200000000000000000000000000002
200000000000000000000000000002
200000000000000000000000000002
200000000000000000000000000002
200000000000000000000000000002
200000000000001110000000000002
200000000000011111100000000002
200000000000111001110000000002
210000000111110000110000000002
211000001000010000011000000002
201100001000010000001000000002
200110001000010000010000000002
200011001000010000000000000002
200001100111100000000000000002
200000110011000000000000000002
200000011111111000000000000002
200000001111110100000000000002
200000001111110100000000000002
200000001111110100000000000002
200000001111110100000000000002
200000001111110100000000000002
200000001111110100000000000002
200000001111110000000000000002
200000111111111100000000000002
200011111111111111000000000002
200000001100110000000000000002
200000001100110000000000000002
200000001100110000000000000002
200000001100110000000000000002
200000001100110000000000000002
200000001100110000000000000002
200000001100110000000000000002
200000011100111000000000000002
200001110100101110000000000002
200011110100101111000000000002
222222222222222222222222222222