222222222222222222222222222222
200000000000000000000000000002
200000000000000000000000000002
200000000000000000000000000002
200000000000000000000000000002
200000000000000000000000000002
200000000000000000000000000002
200000000000000000000000000002
200000000000000000000000000002
210000000000000001110000000002
211000000000000011111100000002
201100000000000111001110000002
200110000000111110000110000002
200011000001000010000011000002
200001100001000010000001000002
200000110001000010000010000002
200000011001000010000000000002
200000001100111100000000000002
200000000110011000000000000002
200000000011111111000000000002
200000000001111110100000000002
200000000001111110100000000002
200000000001111110100000000002
200000000001111110100000000002
200000000001111110100000000002
200000000001111110100000000002
200000000001111110000000000002
200000000111111111100000000002
200000011111111111111000000002
200000000001100110000000000002
200000000001100110000000000002
200000000001100110000000000002
200000000001100110000000000002
200000000001100110000000000002
200000000001100110000000000002
200000000001100110000000000002
200000000011100111000000000002
200000001110100101110000000002
200000011110100101111000000002
222222222222222222222222222222