222222222222222222222222222222
200000000000000000000000000002
200000000000000000000000000002
200000000000000000000000000002
200000000000000000000000000002
200000000000000000000000000002
200000000000000000000000000002
200000000000000000000000000002
200000000000000000000000000002
200000000000000011100000000002
210000000000000111111000000002
211000000000001110011100000002
201100000001111100001100000002
200110000010000100000110000002
200011000010000100000010000002
200001100010000100000100000002
200000110010000100000000000002
200000011001111000000000000002
200000001100110000000000000002
200000000111111110000000000002
200000000011111101000000000002
200000000011111101000000000002
200000000011111101000000000002
200000000011111101000000000002
200000000011111101000000000002
200000000011111101000000000002
200000000011111100000000000002
200000001111111111000000000002
200000111111111111110000000002
200000000011001100000000000002
200000000011001100000000000002
200000000011001100000000000002
200000000011001100000000000002
200000000011001100000000000002
200000000011001100000000000002
200000000011001100000000000002
200000000111001110000000000002
200000011101001011100000000002
200000111101001011110000000002
222222222222222222222222222222