222222222222222222222222222222
200000000000000000000000000002
200000000000000000000000000002
200000000000000000000000000002
200000000000000000000000000002
200000000000000000000000000002
200000000000000000000000000002
200000000000000000000000000002
200000000000000000000000000002
200000000000000000111000000002
200000000000000001111110000002
200000000000000011100111000002
200000000000011111000011000002
200000000000100001000001100002
200000000000100001000000100002
200000000000100111111111000002
200000000000100111111001100002
200000000000011110000111000002
200000000000001100011100000002
211111111111111111110000000002
211111111111111111100000000002
200000000000111111000000000002
200000000000111111000000000002
200000000000111111000000000002
200000000000111111000000000002
200000000000111111000000000002
200000000000111111000000000002
200000000011111111110000000002
200000001111111111111100000002
200000000001100011000000000002
200000000011000011000000000002
200000000011000011000000000002
200000000110000011000000000002
200000000110000011000000000002
200110001100000011000000000002
200011111100000011000000000002
200000010000000011100000000002
200000100000000010111000000002
200000000000000010111100000002
222222222222222222222222222222