222222222222222222222222222222
200000000000000000000000000002
200000000000000000000000000002
200000000000000000000000000002
200000000000000000000000000002
200000000000000000000000000002
200000000000000000000000000002
200000000000000000000000000002
210000000000000000000000000002
211000000000000000111000000002
201100000000000001111110000002
200110000000000011100111000002
200011000000011111000011000002
200001100000100001000001100002
200000110000100001000000100002
200000011000100111111111000002
200000001100100111111001100002
200000000110011110000111000002
200000000011001100011100000002
200000000001111111110000000002
200000000000111111000000000002
200000000000111111000000000002
200000000000111111000000000002
200000000000111111000000000002
200000000000111111000000000002
200000000000111111000000000002
200000000000111111000000000002
200000000011111111110000000002
200000001111111111111100000002
200000000000110011000000000002
200000000000110011000000000002
200000000000110011000000000002
200000000000110011000000000002
200000000000110011000000000002
200000000000110011000000000002
200000000000110011000000000002
200000000001110011100000000002
200000000111010010111000000002
200000001111010010111100000002
222222222222222222222222222222