222222222222222222222222222222
210000000000000111111111111112
211000000000001110000000000002
210100000000010110000000000002
210100000000010110000000000002
210100000000010110000000000002
210100000000010110000000000002
210100000000010110000000000002
210100000000010110000000000002
210100000000010110000000000002
210100000000010110000000000002
210100000000010110000000000002
210100000000010110000000000002
210010000000100110000000000002
210010000000100110000000000002
210010000000100110000000000002
210010000000100110000000000002
210010000000100110000000000002
210010000000100110000000000002
210010000000100111111111111112
210010000000100110000000000002
210010000000100110000000000002
210010000000100110000000000002
210001000001000110000000000002
210001000001000110000000000002
210001000001000110000000000002
210001000001000110000000000002
210001000001000110000000000002
210001000001000110000000000002
210001000001000110000000000002
210001000001000110000000000002
210000100010000110000000000002
210000100010000110000000000002
210000100010000110000000000002
210000100010000110000000000002
210000010100000110000000000002
210000010100000110000000000002
210000001000000110000000000002
210000001000000111111111111112
222222222222222222222222222222