222222222220000000022222222222
200000000000111111110000000002
200000000011100000111000000002
200000000111000000011100000002
200000001110000000001110000002
200000011100000000000111000002
200000111000000000000011100002
200001110000000000000001110002
200011100000000000000000111002
200111000000000000000000011102
201110000000000000000000001112
211100000000000000000000011102
200000000000000000000000111002
200000000000000000000001110002
200000000000000000000011100002
200000000000000000000111000002
200000000000000000001110000002
200000000000000000011100000002
200000000000000000111000000002
200000000000000001110000000002
200000000000000011100000000002
200000000000000111000000000002
200000000000001110000000000002
200000000000011100000000000002
200000000000111000000000000002
200000000001110000000000000002
200000000011100000000000000002
200000000111000000000000000002
200000001110000000000000000002
200000011100000000000000000002
200000111000000000000000000002
200001110000000000000000000002
200011100000000000000000000002
200111000000000000000000000002
201110000000000000000000000002
211100000000000000000000000002
211111111111111111111111111112
211111111111111111111111111112
211111111111111111111111111112
222222222222222222222222222222