222222222222222222222222222222
200000000000001100000000000002
200000000000010010000000000002
200000000000100001000000000002
200000000001000000100000000002
200000000010000000010000000002
200000000010000000010000000002
200000000010000000010000000002
200000000010000000010000000002
200000000010000000010000000002
200000000010000000010000000002
200000000010000000010000000002
200000000010000000010000000002
200000000010000000010000000002
200000000010000000010000000002
200000000010000000010000000002
200000000010000000010000000002
200000000010000000010000000002
200000000010000000010000000002
200000000010000000010000000002
200000000010000000010000000002
200000000010000000010000000002
200000000010000000010000000002
200000000010000000010000000002
200000000010000000010000000002
200000000010000000010000000002
200000000010000000010000000002
200000000010000000010000000002
200000000010000000010000000002
200000000010000000010000000002
200000000010000000010000000002
200000000010000000010000000002
200000000010000000010000000002
200000000010000000010000000002
200000000010000000010000000002
200000000011000000100000000002
200000000000100001000000000002
200000000000010010000000000002
200000000000001100000000000002
222222222222222222222222222222