222222222222222222222222222222
200000000000000000001111111102
200000000000000000001000000012
200000000000000000001000000012
200000000000000000001000000012
200000000000000000001000000012
200000000000000000001000000012
200000000000000000001000000012
200000000000000000001000000012
200000000000000000001000000012
200000000000000000001000000012
200000000000000000001000000012
200000000000000000001000000012
200000000000000000001000000012
200000000000000000001000000012
200000000000000000001000000012
200000000000000000001000000012
200000000000000000001000000012
200000000000000000001000000012
200000000000000000001111111102
200000000000000000001000000002
200000000000000000001000000002
200000000000000000001000000002
200000000000000000001000000002
200000000000000000001000000002
200000000000000000001000000002
200000000000000000001000000002
200000000000000000001000000002
200000000000000000001000000002
200000000000000000001000000002
200000000000000000001000000002
200000000000000000001000000002
200000000000000000001000000002
200000000000000000001000000002
200000000000000000001000000002
200000000000000000001000000002
200000000000000000001000000002
200000000000000000001000000002
200000000000000000001000000002
222222222222222222222222222222