222222222222222222222222222222
211111111111111111111111111102
210000000000000000000000000012
210000000000000000000000000012
210000000000000000000000000012
210000000000000000000000000012
210000000000000000000000000012
210000000000000000000000000012
211111111111111111111111111102
210000000000000000000000000002
210000000000000000000000000002
210000000000000000000000000002
210000000000000000000000000002
200000000000000000000000000002
200000000000000000000000000002
200000000000000000000000000002
200000000000000000000000000002
200000000000000000000000000002
200000000000000000000000000002
200000000000000000000000000002
200000000000000000000000000002
200000000000000000000000000002
200000000000000000000000000002
200000000000000000000000000002
200000000000000000000000000002
200000000000000000000000000002
200000000000000000000000000002
200000000000000000000000000002
200000000000000000000000000002
200000000000000000000000000002
200000000000000000000000000002
200000000000000000000000000002
200000000000000000000000000002
200000000000000000000000000002
200000000000000000000000000002
200000000000000000000000000002
200000000000000000000000000002
200000000000000000000000000002
200000000000000000000000000002
222222222222222222222222222222