222222222222222222222222222222
200000000000000000000000000002
200000000000000000000000000002
200000000000000000000000000002
200000000000000000000000000002
200000000000000000000000000002
200000000000000000000000000002
200000000000000000000000000002
200000000000000000000000000002
200000000000000000111000000002
200000000000000001111110000002
200000000000000011100111000002
200000000000011111000011000002
200000000000100001000001100002
200000000000100001000000100002
200000000000100001000001000002
200000000000100001000000000002
200000000000011110000000000002
200000000000001100000000000002
200000000000111111111000000002
200000000000111111001100000002
200000000000111111000110000002
200000000000111111000011000002
200000000000111111000001100002
200000000000111111000000110002
200000000000111111000000011002
200000000000111111000000001102
200000000011111111110000000112
200000001111111111111100000002
200000000000110011000000000002
200000000001100001100000000002
200000000011000000110000000002
200000000110000000011000000002
200000001100000000001100000002
200000011000000000000110000002
200000110000000000000011000002
200001110000000000000011100002
200111010000000000000010111002
201111010000000000000010111102
222222222222222222222222222222