222222222222222222222222222222
211111111011111111110000100002
210000000110000000000001010002
210000000110000000000001010002
210000000110000000000001010002
210000000110000000000001010002
210000000110000000000001010002
210000000110000000000010001002
210000000110000000000010001002
210000000110000000000010001002
211111111011111111110011111002
211000000010000000000100000102
210100000010000000000100000102
210010000010000000000100000102
210001000010000000000100000102
210000100010000000001000000012
210000010010000000001000000012
210000001010000000001000000012
210000000111111111111000000012
211111111111111010000000000012
210000000000000110000000000012
210000000000000110000000000012
210000000000000101000000000102
210000000000000101000000000102
210000000000000101000000000102
210000000000000100100000001002
210000000000000100100000001002
210000000000000100100000001002
210000000000000100010000010002
210000000000000100010000010002
210000000000000100001000100002
210000000000000100000101000002
210000000000000100000010000002
210000000000000100000010000002
210000000000000100000010000002
210000000000000100000010000002
210000000000000100000010000002
210000000000000100000010000002
211111111111111000000010000002
222222222222222222222222222222