222222222222222222222222222222
211110000000000000000000000012
211110000000000000000000000012
211110000000000000000000000012
211110000000000000000000000012
211110000000000000000000000012
211110001100000000000000000012
211110000010000000000000000012
211110111111010000000000000012
211111111111111000000000000112
211110111111111100000000001112
211110001111111110000000011112
211110000000001111000000111112
211110000000000111100001111012
211110000000000011110011110012
211110000000000001111111100012
211110000000000000111111000012
211110000000000000011110000012
211110000000000000000000000012
211110000000000000000000000012
211110000000000000000000000012
211110000000000000000000000012
211110000000000000000000000012
211110000000000000000000000012
211110000000000000000000000012
211110000000000000000000000012
211110000000000000000000000012
211110000000000000000000000012
211110000000000000000000000012
211110000000000000000000000012
211110000000000000000000000012
211110000000000000000000000012
211110000000000000000000000012
211110000000000000000000000012
211110000000000000000000000012
211110000000000000000000000012
211110000000000000000000000012
211110000000000000000000000012
211110000000000000000000000012
222222222222222222222222222222