222222222222222222222222222222
200000000000000000000000000002
200000000000000000000000000002
200000000000001000000000000002
200000000000011100000000000002
200000000000111110000000000002
200000000001111111000000000002
200000000011111111100000000002
200000000111111111110000000002
200000001111111111111000000002
200000011111111111111100000002
200000111111111111111110000002
200001111111111111111111000002
200011111111111111111111100002
200111111111111111111111110002
201111111111111111111111111002
211111111111111111111111111102
211111111111111111111111111112
200000000000000000000000000002
200000010000000000000010000002
200000111000000000000111000002
200001111100000000001111100002
200011111110000000011111110002
200111111111000000111111111002
201111111111100001111111111102
211111111111111111111111111112
200000000000000000000000000002
200001000000001000000000100002
200011100000011100000011110002
200111110000111110000111111002
201111111001111111001111111102
211111111111111111111111111112
200000000000000000000000000002
200010000001000000100000010002
200111000011100001110000111002
201111100111110011111001111102
211111111111111111111111111112
200000000000000000000000000002
200000000000000000000000000002
222222222222222222222222222222