222222222222222222222222222222
200000000000000000000000000102
200000000000000000000000001102
200000000000000000000000001002
200000000000000000000000001002
200000000000000000000000011002
200000000000000000000000010002
200000000000000000000000010002
200000000000000000000000110002
200000000000000000000000100002
200000000000000000000000100002
200000000000000000000001100002
200000000000000000000001000002
200000000000000000000001000002
200000000000000000000011000002
200000000000000000000010000002
200000000000000000000010000002
200000000000000000000110000002
200000000000000000000100000002
200000000000000000000100000002
200000000000111111001100000002
200000000000100001001000000002
200000000000100001001000000002
200000000000100001011000000002
200000000000011110010000000002
200000000000001100010000000002
200000000011111111110000000002
200000000010011110000000000002
200000000010011110000000000002
200000000010011110000000000002
200000000010011110000000000002
200000000000011110000000000002
200000000000110011000000000002
200000000001100001100000000002
200000000011000000110000000002
200000000110000000011000000002
200000001100000000001100000002
200000011000000000000110000002
200000110000000000000011000002
222222122222222222222222222222