222222222222222222222222222222
200000000000000000000000000002
200000000000000000000000000002
200000000000000000000000000002
200000000000000000000000000002
200000000000000000000000000002
200000000000000000000000000002
200000000000000000000000000002
200000000000000000000000000002
200000000000000000000000000002
200000000000000000000000000002
200000000000000000000000000002
200000000000000000000000000002
200000000000000000000000000002
200000000000000000000000000002
200000000000000000000000000002
200000000000000000000000000002
200000000000000000000000000002
200000000000000000000000000002
200000000000000000000000000002
200000000000111111000000000002
200000000000100001000000000002
200000000000100001000000000002
200000000000100001000000000002
200000000000011110000000000002
200000000000001100000000000002
200000000011111111110000000002
200000000010011110010000000002
200000000110011110010000000002
200000000100011110010000000002
200000001100011110010000000002
200000001000011110000000000002
200000011000110011000000000002
200000010001100001100000000002
200000110011000000110000000002
200000100110000000011000000002
200001101100000000001100000002
200001011000000000000110000002
200011110000000000000011000002
222222122222222222222222222222