222222222222222222222222222222
200000000000000000000000000002
200000000000000000000000000002
200000000000000000000000000002
200000000000000000000000000002
200000000000000000000000000002
200000000000000000000000000002
200000000000000000000000000002
200000000000000000000000000002
200000000000000000000000000002
200000000000000000000000000002
200000000000000000000000000002
200000000000000000000000000002
200000000000000000000000000002
200000000000000000000000000002
200000000000000000000000000002
200000000000000000000000000002
200000000000000000000000000002
200000000000000000000000000002
200000000000000000000000000002
200000000000111111000000000002
200000000000100001000000000002
200000000000100001000000000002
200000000000100001000000000002
200000000000011110000000000002
200000000000001100000000000002
200000000011111111110000000002
200000000010011110010000000002
200000000010011110011000000002
200000000010011110001000000002
200000000010011110001100000002
200000000000011110000100000002
200000000000110011000110000002
200000000001100001100010000002
200000000011000000110011000002
200000000110000000011001000002
200000001100000000001101100002
200000011000000000000110100002
200000110000000000000011110002
222222122222222222222222222222