222222222222222222222222222222
210000000100011100010000000012
210000000100100010010000000012
210000000101000001010000000012
210000000110000000110000000012
210000000110000000110000000012
210000000110000000110000000012
210000000110000000110000000012
201000001010000000110000000012
201000001010000000110000000012
201000001010000000110000000012
201000001010000000110000000012
201000001010000000110000000012
201000001010000000110000000012
201000001010000000110000000012
200100010010000000110000000012
200100010010000000110000000012
200100010010000000110000000012
200100010010000000110000000012
200010100010000000110000000012
200010100010000000110000000012
200010100010000000110000000012
200001000010000000110000000012
200001000010000000110000000012
200001000010000000110000000012
200001000010000000110000000012
200001000010000000110000000012
200001000010000000110000000012
200001000010000000110000000012
200001000010000000110000000012
200001000010000000110000000012
200001000010000000110000000012
200001000010000000110000000012
200001000010000000110000000012
200001000010000000110000000012
200001000010000000110000000012
200001000010000000110000000012
200001000001000001001000000102
200001000000111110000111111002
222222222222222222222222222222